472885986
1642634100
5088862652
2773417935
2455979074
5859973320
5910248318
1969308311
6433901702
1702925432
1663937380
1498764931
1739737324
5593063623
2629685302
6204808630
3141296113
3638458957
1824398821
2850809427
3191863992
2799280357
6453988165
1624095323
6969972165
5578564422
1822796164
2298955763
1904769205
2239861190
7264589101
1825457341
1216826604
1845363312
7086074432
1669879400
1312452710
3494982177
3912522941
5698023579
1553404072
5234367848
5711070913
6336710565
3316146805
2140585607
2334162530
2684863971
2909224002
6529216446
6020086612
2088547717
5064542395
6413783850
6384956581
3460516424
6064295985
6551339780
1938330147
2306405891
5878659096
2803301701
1775506770
6407255996
2565076103
3105500577
2402749903
5992041696
1746575865
2718604160
5961190503
1273188401
5933834580
1721131891
1736737707
5970352429
5882077980
1261788454
2539961154
1231317854
1642632622
5666630927
6105762974
2602204367
1738056157
2202387347
1749127163
5467852665
1452977132
1640663757
2101581851
1796469287
1645903643
6172469413
2516593910
2247657845
1499104401
2214257545
5742059775
1624923463
1644225642
1992613670
2925903487
1784537661
1771925961
5174473062
6049590367
1788147573
1721030997
2552344210
2100210994
1644114654
1191220232
2734727801
1928240144
2387391680
1565023001
2467742670
1910672761
3937348351
1659626844
1974576991
1776845763
3952070245
1923430465
2132127741
5780974966
1770872817
1880086437
5889145132
5356394754
5705191799
2656807673
2139359753
5195897697
3220316262
5097174964
2714280233
1739746697
2835933097
1610298332
2630646082
2976163482
1239246050
5497684282
2206258462
3208066202
1649010904
1974634101
2660512581
2715025067
2339140841
1770438374
1771140437
1916655407
1653195803
2938928551
2006277991
2851912004
1598008875
2346404435
5194257804
1259193624
2145291155
2967858141
1642088277
2688704724
1744395855
1807621622
2311795374
3150687025
3686987461
1770640454
1843936731
1323527941
1739046981
1777650955
1195054531
3992019742
2562739397
2021047811
2652711723
2100623570
5225999165
3975207538
3812984956
2656274875
2724402401
2559830984
2166787813
2833440460
3022940295
3317415521
3750841981
1730726637
1228486722
3465553940
1783944211
3002554655
1095058551
1574684061
2910348892
3099016097
2436479164
2870901544
2496609930
3248316202
2690722484
1758410627
2323112675
2611407297
2967993404
3200840897
1890688981
1907542963
1252397723
5086824643
2314663611
2721469917
2214744344
3120780705
3228688207
2070589113
2673316233
1867284013
1691761292
5014756864
3049579930
1990332697
3208245947
2212989821
3044892751
1859659300
1596789892
3170523650
2876011634
1762807932
1620614255
2643046705
2312115564
1922666283
3221236720
2529815774
1497005993
1846302384
1748852693
1913663321
1265061803
2633568791
1397239152
1426952487
2482087502
2039352352
1950770013
2241194111
1851004432
1191258123
1644489953
1663414103
1792266783